15965733
15965734
15965735
15965736
15965737
15965738
15965739
15965740
15965741
15965742
21435658
21435659
15965743
15965744
15965745
15965746
15965747
21435653
21435654
21435655
10000217
15965748
21435615
21435610
21435614
21435609
15965749
15965751
15965752
15965753
15965754
15965758
15965759
15965757
10005458
10005456
10005459
10005457
12495638
12495639
15965721
21445546
21445545
21445544
15965762
15985542
15985543
15985544
15985545
21445543
21445542
16035615
21445564
21435618
21435619
21435620
21435621
21435622
21435627
21435633
21435640
21435641
21435643
21435644
21435645
21435646
21435647
21435649
21435650
21435651
21435652
23995542
23995543
23995544
15965761
21445548
21445549
21445550
15985689
15985688
15985687
15985685
15985728
15985730
15985729
15985731
10000124
10000122
10000123
10000125
15985732
15985733
15985737
15985736
15985738
15985742
15985740
15985748
15985741
15985745
15985743
15985809
15985754
15985752
15985756
15985755
15985751
15985786
15985771
15985776
15985780
15985777
15985789
15985793
15985807
15985757
15985758
15985759
15985760
15985761
15985762
15985763
15985764
21755542
15985778
15985775
15985769
15985768
15985765
15985772
15985797
15985785
15985790
15985784
15985795
15985794
15985792
15985791
15985816
15985815
15985817
15985813
15985812
15985811
21755549
10000402
15985821
15985822
10000397
10000398
10000401
15985823
15985824
10000403
10000400
21755548
21755545
21755546
21755547
15985802
15985800
15985803
15985801
15985810
15985806
15985799
15985805
10000070
10000076
15787911
15787588
10000079
10000080
10000078
10000077
10000082
10000089
10000088
10005424
10000086
15787589
21455955
10000144
10000145
10000146
10000147
21815788
10000101
10000158
10000159
10000166
10000168
10000302
10000161
10000066
10000172
10000173
10000160
22836924
10000155
10000149
10000154
10000157
10000153
10000151
10000152
10000150
20805735
20805703
20805740
20805743
20805702
20805733
20805723
20805678
20805701
10000092
32385590
10005442
10000094
10000097
10000093
10000099
10000027
18388430
15787568
15787569
15787570
15787571
15787572
15787573
15787574
15787575
15787576
15787577
15787578
20965902
10000104
10000103
10000107
10000109
10000108
10000110
10000112
10000096
10000115
15787582
10005426
10000095
10000114
10000102
24327667
24327668
24327669
24327670
24327671
24327672
24327673
24327674
24327675
21455965
10000292
10000119
15787580
10000286
10000289
24327658
24327659
24327660
24327661
24327662
24327663
24327664
24327665
24295579
21455976
10000116
15787584
15787585
15787586
10000126
10000127
10000128
10000131
10000129
10000130
10000132
10000241
10000387
10000388
12515561
10000138
10000143
10000134
10000133
10000137
10000384
10005444
10005450
10005452
10000141
10005448
10000139
10005446
10000418
25735711
10000049
10000054
10000055
10000239
10000056
15985767
10000062
21455972
15555742
10000058
10000061
21455951
10000059
10000060
10000263
10000065
10000237
10000235
10000069
10000337
10000339
10000053
10000325
10000323
10000326
14875553
10000181
10000199
15985787
15985711
15985612
10000206
10000200
10000201
10000182
10000180
10000183
15985828
33376014
10000203
10000197
10000188
10000187
10000209
32616696
10000192
10000208
10000178
10000193
10000198
10000185
32616697
15985627
10000186
32616695
32616694
10000191
10000179
32616693
10000196
21455953
10000329
21455948
32616698
20805685
20805731
20805734
20805696
15985619
33275943
10000207
10000190
15985638
10000195
10000194
15985613
15985610
10000230
10000227
10000231
10645562
10000234
10000229
15985611
11285698
10000222
12515565
15985624
15985621
15985615
15985625
10000223
10000224
15985630
32616703
32616704
10000219
10000211
15985623
10000212
10000210
32616700
32616702
32616701
21455962
32616699
10000404
15985609
20805697
20805744
18388420
10000221
10000226
15985622
15985617
18388417
21455616
32616639
32616638
32616626
32616627
32616625
15985626
21455961
32616629
32616640
32616649
32616658
32616659
21455971
20805714
20805679
20805686
20805739
11285704
21455839
21455924
21455926
21455927
21455928
21455929
15985707
12495644
10005496
10000003
10005485
10000331
10000332
15985556
15985708
15375782
10005525
15555680
15555679
15965756
15985697
10005492
10005493
33236400
33236401
33367117
15555700
15555701
15555719
15555721
15555738
15555740
15555741
15555743
15555838
15555850
15555774
15555775
15555776
15555777
15555778
15555808
21675783
21675784
21675782
21675785
15555744
15555755
15555765
21675800
21675795
21675802
21675798
21675801
21675803
21675799
21675796
15555853
15555854
15555855
15555872
21675788
21675786
15555891
15555892
15555893
21675777
21675778
18388412
18388413
18388414
21675789
18388395
21675790
21675793
21675791
21675794
21675779
21675780
21675781
10000406
10000408
10000409
10000410
10000411
10000412
10635554
10635553
10635555
10635556
10000413
10000414
10000407
10000416
16035553
16035630
16035632
16035556
16035558
16035609
10635548
10635551
16035547
16035606
21655547
21655550
16035564
21655549
21655546
16035552
21655548
21655552
16035599
21655551
10635543
21655565
21655570
21655569
21655561
21655563
21655568
21655566
21655564
21655562
21655567
10645563
10005505
10645564
10005503
21655728
21655727
21655726
10635559
10635561
10645538
10645539
10645540
10645541
10645542
21655713
10645544
10645545
10645547
21655604
21655716
10005507
10645550
10645551
21655719
21655723
21655720
21655722
21655724
21655553
21655554
21655555
21655556
21655557
21655558
21655559
21655571
21655572
21655573
21655574
21655575
21655576
21655577
21655578
21655579
21655580
21655581
21655582
21655583
21655584
21655585
21655586
21655587
21655588
21655605
21655609
21655612
21655614
21655714
21655729
21655730
21655731
21655732
15985658
10000236
18388403
18388402
18388405
18388408
18388409
18388407
18388406
18388410
18388399
18388401
18388398
18388393
15555756
21655715
15046069
16035542
15046070
15046071
15045971
15046072
15045980
16035550
16035545
16035546
16035554
16035551
16035555
16035561
16035559
16035562
16035563
16035560
16035565
10645546
21655725
21655721
16035574
16035576
16035573
16035575
16035571
16035572
16035568
16035570
16035581
16035582
16035579
16035591
16035586
16035588
16035587
16035589
16035592
21655560
21655589
16035604
16035602
16035603
16035610
16035608
16035598
16035600
16035590
16035595
16035631
16035627
16035629
16035628
16035634
16035583
16035580
16035567
16035584
16035578
16035577
16035633
16035635
16035593
16035594
16035596
15985569
15985571
15985575
15985574
15985580
15985583
15985581
15985584
15985577
15985572
15985573
15985576
15985582
15985578
15985579
15985570
15985585
21435631
15965760
21435608
15985633
15985641
15985644
15985636
15985642
15985645
20805567
21435632
15985548
15985549
15985562
15985559
15985558
15985551
15985560
15985553
15985565
15985552
15985561
15985557
15985566
15985554
15985550
21425952
21425953
21435630
21435623
21435628
15985618
18776485
18776486
18776487
18776488
15985628
15985629
15985614
15985690
18776489
18776491
15985596
15985593
15985591
15985592
15985594
15985595
18776490
18776492
21425950
21425951
15985694
33367116
15985607
15985599
15985602
15985601
15985605
15985603
15985831
15985832
15985833
15985835
21755565
10005475
10005476
12495647
15985829
21755587
21755588
21455959
10005478
10005479
15985837
10005511
21755571
21755566
15985839
15985840
15985841
15985842
15985843
15985844
15985846
15985847
15985849
15985851
15985850
15985855
21755586
21755585
21755584
20805737
12295903
12295912
12295913
12295915
15985864
15985865
15985867
15985672
15985674
15985878
21755576
10005483
10005482
15985862
15985863
21755583
21755581
20805717
15985872
15985873
15985875
21755560
21755555
20805704
15985834
20805726
20805687
21445660
21445661
21445662
21445663
21445664
21445665
21445666
10005513
20805711
20805736
21445668
21445669
21445670
21445671
21445672
21445673
21445674
10005521
10000214
20805730
21445676
21445677
21445678
21445679
21445680
21445681
21445682
21445683
21445738
21445739
21445740
21445741
21445742
21445743
21445744
21445745
21445747
21445748
21445749
21445750
21445751
21445752
21445753
21445754
21445777
21445778
21445779
21445780
21445781
21445782
21445783
10005517
10005529
10005523
10005535
10005531
10005537
21445655
21445648
21445651
21445652
21445658
21445656
21445650
21445659
21445653
21445657
21445649
21445654
20805750
20805716
20805751
20805722
21435580
21435581
15965710
10005462
10005460
10005461
15965711
10005463
21435582
21435583
21435584
21435586
21435587
21435588
21435589
21435593
21435594
21435595
16035645
16035647
16035639
16035642
16035624
16035620
16035649
21435596
21435597
21435598
21435599
21435600
10005464
21435601
21435604
21435606
23055654
16035640
16035612
16035650
16035641
21435576
21435579
21435577
21435575
21435591
21435590
21435592
23055653
23055650
23055651
23055652
21445644
21445616
21445630
21445629
21445645
21445631
21445646
21445647
21445685
21445686
21445687
21445688
15965730
21445690
21445691
21445692
21445693
21445694
21445695
21445696
21445697
21445698
21445699
21445700
21445701
21445702
15965727
15965729
15965728
21445704
21445705
21445706
21445707
21445708
21445709
21445710
21445763
21445764
21445765
21445766
21445785
21445786
21445787
21445788
21445789
15965726
21445791
21445792
21445793
21445794
21445795
21445796
21445797
21445798
15965724
21675728
21675729
21675730
21675731
21675732
21675746
21675747
21675748
21675749
21675750
21675751
21675752
21675753
21675754
21675755
21675756
21675757
21675758
21675759
21675760
16035622
16035619
16035623
16035613
21675761
21675762
21675763
21675764
21675765
21675766
21675767
21675768
21675769
21675770
21675771
21675772
21675773
21675774
21675775
23515542
16035616
16035617
17295687
17295697
17295689
17295690
17295691
17295688
17295692
17295693
17295695
17295696
21675737
21675736
21675735
21675734
21675738
10005466
10005469
10005470
10005468
10005467
17765750
15985684
15985691
21455991
21455993
21455995
21455989
21455990
15985665
15985666
15985664
15985655
15985656
15985659
10005484
15985657
10005509
10005501
10005490
10005487
10005489
12756235
21455985
15985663
15985667
15985668
15985670
21455987
21455988
21115542
21115543
21115544
21115545
21115546
21115547
21115548
21115549
21115550
21115551
21115552
21115553
21115554
21115555
21115556
11285776
11285777
11285778
11285723
11285724
11285725
11285726
11285727
11285728
11285729
11285730
11285731
11285732
11285733
11285734
11285735
11285736
11285737
21265723
21265724
21265725
21265726
21265727
21265728
21265729
21265730
21265731
21265732
11285768
11285769
11285770
11285771
11285772
11285773
11285774
11285775
21266781
21266783
21266784
21266785
21266786
11285754
11285757
11285750
11285751
11285756
11285753
11285758
11285759
11285760
11285761
11285762
11285763
11285764
11285765
11285766
11285767
11285755
11285752
21266787
21266788
21266789
21266790
21266791
21266797
21266798
21266799
21266800
21266801
21266802
21266803
21266804
21266805
21266806
21266807
21266808
21266809
21266810
11285672
11285673
11285674
11285675
11285676
11285677
11285678
11285679
11285680
11285681
11285682
11285694
11285691
11285695
11285693
11285683
11285696
11285697
11285690
11285684
11285688
11285692
11285687
11285689
11285686
21266792
21266793
21266794
21266795
21266796
11285633
11285631
11285628
11285626
11285627
11285623
11285624
11285625
11285629
11285630
11285632
21266811
21266812
21266813
21266814
11285710
11285711
11285712
11285713
11285714
11285715
11285716
11285717
11285718
11285719
11285720
11285721
11285722
21266815
21266816
21266817
21266818
21455615
21455833
21455827
21455828
21455834
21455802
15985701
21455832
20805725
15985704
15555908
15555897
15555896
15985669
21455981
21455831
15985698
15985706
20805732
21455980
21455945
21455947
21455946
15985699
21455944
15555898
21455835
15555895
15555907
33177532
21455614
21455925
15985705
15985700
15555910
15555911
21455836
15555920
21455837
15985702
21455950
15555909
21455957
21455963
21455960
21455954
21455986
21455830
21455969
21455931
15985679
21455829
21455777
32897467
32897468
32897464
32897465
32897466
32897452
32897453
32897454
32897455
32897456